tree feature
(tensor([[1.0000, 0.0000, 0.0000, 0.0000, 0.0000, 0.0000, 0.0000, 1.1250, 0.0900]]),
(tensor([[1.0000, 0.0000, 0.0000, 0.0000, 0.0000, 0.0000, 0.0000, 1.1250, 0.0900]]),
(tensor([[0.0000, 1.0000, 0.0000, 0.0000, 0.0000, 0.0000, 0.0000, 1.1250, 0.0900]]),
(tensor([[0.0000, 0.0000, 0.0000, 1.0000, 0.0000, 0.0000, 0.0000, 0.8800, 1.1850]]), tensor([5])),
(tensor([[1.0000, 0.0000, 0.0000, 0.0000, 0.0000, 0.0000, 0.0000, 1.1200, 0.0900]]),
 (tensor([[0.0000, 1.0000, 0.0000, 0.0000, 0.0000, 0.0000, 0.0000, 1.1200, 0.5300]]),
  (tensor([[0.0000, 0.0000, 0.0000, 1.0000, 0.0000, 0.0000, 0.0000, 1.1000, 1.4100]]), tensor([2])),
   (tensor([[0.0000, 1.0000, 0.0000, 0.0000, 0.0000, 0.0000, 0.0000, 0.9250, 0.2350]]),
    (tensor([[0.0000, 0.0000, 0.0000, 1.0000, 0.0000, 0.0000, 0.0000, 0.9100, 1.2350]]), tensor([10])),
    (tensor([[0.0000, 0.0000, 0.0000, 1.0000, 0.0000, 0.0000, 0.0000, 0.6700, 0.0900]]), tensor([8])))),
    (tensor([[0.0000, 0.0000, 0.0000, 0.0000, 1.0000, 0.0000, 0.0000, 0.0750, 0.0900]]), tensor([21])))), (tensor([[0.0000, 0.0000, 0.0000, 0.0000, 0.0000, 1.0000, 0.0000, 0.0750, 0.0900]]), tensor([3]))), (tensor([[0.0000, 0.0000, 0.0000, 0.0000, 0.0000, 1.0000, 0.0000, 0.0750, 0.0900]]), tensor([7])))